0 FILE LEGO-Slot-Machine-Complete.ldr
1 16 -20 -310 180 1 0 0 0 1 0 0 0 1 motor.ldr
0 STEP
1 1 -20 -150 180 -1 0 0 0 0 1 0 1 0 4206482.dat
1 1 -80 -150 180 1 0 0 0 0 -1 0 1 0 4206482.dat
0 STEP
1 0 -10 -150 180 0 1 0 0 0 -1 -1 0 0 32523.dat
1 0 -90 -150 180 0 -1 0 0 0 1 -1 0 0 32523.dat
0 STEP
1 7 -50 -150 180 0 0 1 -1 0 0 0 -1 0 64178.dat
0 STEP
1 1 -110 -130 180 1 0 0 0 0 -1 0 1 0 6558.dat
1 1 -110 -170 180 1 0 0 0 0 -1 0 1 0 6558.dat
1 1 10 -170 180 -1 0 0 0 0 1 0 1 0 6558.dat
1 1 10 -130 180 -1 0 0 0 0 1 0 1 0 6558.dat
1 1 -120 -150 180 -1 0 0 0 0 1 0 1 0 4206482.dat
1 1 20 -150 180 1 0 0 0 0 -1 0 1 0 4206482.dat
0 STEP
1 16 80 -310 180 1 0 0 0 1 0 0 0 1 motor.ldr
0 STEP
1 16 -120 -310 180 1 0 0 0 1 0 0 0 1 motor.ldr
0 STEP
1 1 -170 -90 280 0 0 1 1 0 0 0 1 0 6558.dat
1 1 -130 -90 280 0 0 1 1 0 0 0 1 0 6558.dat
1 1 -30 -90 280 0 0 1 1 0 0 0 1 0 6558.dat
1 1 -70 -90 280 0 0 1 1 0 0 0 1 0 6558.dat
1 1 70 -90 280 0 0 1 1 0 0 0 1 0 6558.dat
1 1 30 -90 280 0 0 1 1 0 0 0 1 0 6558.dat
0 STEP
1 0 -50 -90 280 0 0 -1 0 -1 0 -1 0 0 41239.dat
0 STEP
1 0 -50 -70 280 0 0 -1 0 -1 0 -1 0 0 41239.dat
0 STEP
1 1 -10 -70 280 0 0 -1 -1 0 0 0 1 0 6558.dat
1 1 -90 -70 280 0 0 -1 -1 0 0 0 1 0 6558.dat
1 1 50 -70 280 0 0 -1 -1 0 0 0 1 0 6558.dat
1 1 -150 -70 280 0 0 -1 -1 0 0 0 1 0 6558.dat
0 STEP
1 0 -50 -50 280 0 0 -1 0 1 0 1 0 0 32278.dat
0 STEP
1 1 -190 -30 280 0 0 -1 1 0 0 0 -1 0 6558.dat
1 1 70 -30 280 0 0 -1 1 0 0 0 -1 0 6558.dat
1 1 30 -30 280 0 0 -1 1 0 0 0 -1 0 6558.dat
1 1 -110 -30 280 0 0 -1 1 0 0 0 -1 0 6558.dat
0 STEP
1 7 -150 -30 220 1 0 0 0 -1 0 0 0 -1 64179.dat
1 7 90 -30 240 0 0 -1 0 -1 0 -1 0 0 64178.dat
0 STEP
1 0 110 -20 280 0 0 1 1 0 0 0 1 0 4121715.dat
1 0 150 -20 280 0 0 1 1 0 0 0 1 0 4121715.dat
0 STEP
1 0 170 -30 190 0 -1 0 0 0 -1 1 0 0 4121715.dat
1 0 130 -30 190 0 -1 0 0 0 -1 1 0 0 4121715.dat
0 STEP
1 0 150 -30 180 0 0 -1 1 0 0 0 -1 0 32316.dat
0 STEP
1 7 170 -30 160 0 -1 0 1 0 0 0 0 1 48989.dat
0 STEP
1 0 150 -30 140 0 0 -1 1 0 0 0 -1 0 32316.dat
0 STEP
1 0 130 -30 130 0 0 -1 0 1 0 1 0 0 4121715.dat
1 0 170 -30 130 0 0 -1 0 1 0 1 0 0 4121715.dat
0 STEP
1 7 150 -30 60 -1 0 0 0 -1 0 0 0 1 64179.dat
0 STEP
1 0 -190 -20 200 0 0 -1 1 0 0 0 -1 0 4121715.dat
1 0 -190 -20 240 0 0 -1 1 0 0 0 -1 0 4121715.dat
1 1 190 -30 0 0 0 -1 -1 0 0 0 1 0 6558.dat
1 1 110 -30 0 0 0 -1 -1 0 0 0 1 0 6558.dat
1 1 190 -30 120 0 0 -1 -1 0 0 0 1 0 6558.dat
1 1 190 -30 160 0 0 -1 -1 0 0 0 1 0 6558.dat
0 STEP
1 0 70 -10 0 0 0 -1 0 -1 0 -1 0 0 41239.dat
1 0 150 -10 280 0 0 1 0 -1 0 1 0 0 32316.dat
1 0 -50 -10 280 0 0 -1 0 1 0 1 0 0 32278.dat
1 0 -190 -10 140 -1 0 0 0 -1 0 0 0 1 41239.dat
1 0 190 -10 140 -1 0 0 0 -1 0 0 0 1 41239.dat
0 STEP
1 0 30 -20 0 0 0 -1 1 0 0 0 -1 0 4121715.dat
1 0 -10 -20 0 0 0 -1 1 0 0 0 -1 0 4121715.dat
0 STEP
1 15 -50 -110 0 0 0 1 1 0 0 0 1 0 95646.dat
0 STEP
1 0 -90 -20 0 0 0 -1 1 0 0 0 -1 0 4121715.dat
1 0 -130 -20 0 0 0 -1 1 0 0 0 -1 0 4121715.dat
0 STEP
1 0 -130 -10 0 0 0 -1 0 -1 0 -1 0 0 32524.dat
0 STEP
1 0 150 -50 0 0 0 1 0 -1 0 1 0 0 32316.dat
1 7 190 -110 140 0 -1 0 0 0 -1 1 0 0 64179.dat
0 STEP

0 untitled model
0 Name: 
0 Author: Никита
1 0 130 -60 0 0 0 -1 1 0 0 0 -1 0 4121715.dat
1 0 170 -60 0 0 0 -1 1 0 0 0 -1 0 4121715.dat
1 0 190 -180 160 0 0 -1 1 0 0 0 -1 0 4121715.dat
1 0 190 -180 120 0 0 -1 1 0 0 0 -1 0 4121715.dat
0 STEP
1 7 150 -130 0 -1 0 0 0 0 -1 0 -1 0 64179.dat
1 0 190 -190 140 1 0 0 0 1 0 0 0 1 32316.dat
0 STEP
1 0 170 -200 0 0 0 -1 1 0 0 0 -1 0 4121715.dat
1 0 130 -200 0 0 0 -1 1 0 0 0 -1 0 4121715.dat
1 0 190 -200 100 0 0 -1 1 0 0 0 -1 0 4121715.dat
1 0 190 -200 180 0 0 -1 1 0 0 0 -1 0 4121715.dat
1 1 -90 -210 0 0 0 -1 -1 0 0 0 1 0 6558.dat
1 1 -130 -210 0 0 0 -1 -1 0 0 0 1 0 6558.dat
1 1 -110 -210 0 0 0 -1 -1 0 0 0 1 0 6558.dat
0 STEP
1 7 190 -250 180 0 -1 0 -1 0 0 0 0 -1 64178.dat
1 0 50 -210 0 0 0 -1 0 1 0 1 0 0 32278.dat
1 0 -150 -210 0 0 0 1 0 -1 0 1 0 0 32316.dat
0 STEP
1 0 -50 -220 0 0 0 -1 1 0 0 0 -1 0 4121715.dat
1 0 110 -220 0 0 0 -1 1 0 0 0 -1 0 4121715.dat
1 0 190 -220 80 0 0 -1 1 0 0 0 -1 0 4121715.dat
1 0 170 -220 0 0 0 -1 1 0 0 0 -1 0 4121715.dat
1 0 150 -220 0 0 0 -1 1 0 0 0 -1 0 4121715.dat
0 STEP
1 0 -110 -230 0 0 0 1 0 1 0 -1 0 0 32523.dat
1 0 30 -230 0 0 0 -1 0 1 0 1 0 0 32525.dat
1 0 190 -230 80 -1 0 0 0 1 0 0 0 -1 32526.dat
0 STEP
1 0 -170 -50 90 0 -1 0 0 0 -1 1 0 0 4121715.dat
1 0 -170 -90 90 0 -1 0 0 0 -1 1 0 0 4121715.dat
1 0 -170 -130 90 0 -1 0 0 0 -1 1 0 0 4121715.dat
1 0 -170 -170 90 0 -1 0 0 0 -1 1 0 0 4121715.dat
0 STEP
1 7 -170 -70 100 0 0 -1 0 1 0 1 0 0 48989.dat
1 7 -170 -150 100 0 0 -1 0 1 0 1 0 0 48989.dat
0 STEP
1 0 -150 -110 100 0 -1 0 0 0 -1 1 0 0 32524.dat
0 STEP
1 0 -180 -170 180 -1 0 0 0 0 -1 0 -1 0 4121715.dat
1 0 -180 -130 180 -1 0 0 0 0 -1 0 -1 0 4121715.dat
0 STEP
1 7 -190 -110 140 0 1 0 0 0 -1 -1 0 0 64179.dat
0 STEP
1 4 -190 -50 160 0 1 0 1 0 0 0 0 -1 32054.dat
0 STEP
1 0 -190 -180 120 0 0 -1 1 0 0 0 -1 0 4121715.dat
1 0 -190 -180 160 0 0 -1 1 0 0 0 -1 0 4121715.dat
0 STEP
1 0 -190 -190 140 -1 0 0 0 1 0 0 0 -1 32523.dat
0 STEP
1 0 -190 -200 140 0 0 -1 1 0 0 0 -1 0 4121715.dat
0 STEP
1 7 -190 -250 180 0 -1 0 -1 0 0 0 0 -1 64178.dat
1 0 -190 -210 60 1 0 0 0 -1 0 0 0 -1 60484.dat
0 STEP
1 0 -190 -220 60 0 0 -1 1 0 0 0 -1 0 4121715.dat
1 0 -190 -220 20 0 0 -1 1 0 0 0 -1 0 4121715.dat
1 0 -170 -220 0 0 0 -1 1 0 0 0 -1 0 4121715.dat
1 0 -150 -220 0 0 0 -1 1 0 0 0 -1 0 4121715.dat
1 0 -190 -220 80 0 0 -1 1 0 0 0 -1 0 4121715.dat
0 STEP
1 0 -190 -230 80 1 0 0 0 -1 0 0 0 -1 32526.dat
0 STEP
1 1 190 -230 280 0 0 -1 -1 0 0 0 1 0 6558.dat
1 0 190 -220 260 0 0 1 1 0 0 0 1 0 4121715.dat
1 0 -190 -220 280 0 0 1 1 0 0 0 1 0 4121715.dat
0 STEP
1 0 130 -230 280 0 0 1 0 1 0 -1 0 0 32140.dat
1 0 -50 -230 280 0 0 -1 0 1 0 1 0 0 32278.dat
0 STEP
1 0 30 -240 280 0 0 1 1 0 0 0 1 0 4121715.dat
1 0 90 -240 280 0 0 1 1 0 0 0 1 0 4121715.dat
1 1 130 -240 280 0 0 1 1 0 0 0 1 0 4206482.dat
0 STEP
1 0 110 -250 280 0 0 1 0 -1 0 1 0 0 40490.dat
0 STEP
1 1 -190 -310 280 0 0 -1 -1 0 0 0 1 0 6558.dat
1 0 190 -300 280 0 0 -1 1 0 0 0 -1 0 4121715.dat
1 0 -190 -300 260 0 0 -1 -1 0 0 0 1 0 4121715.dat
0 STEP
1 0 -130 -310 280 0 0 -1 0 -1 0 -1 0 0 32140.dat
1 0 50 -310 280 0 0 1 0 1 0 -1 0 0 32278.dat
0 STEP
1 1 -130 -300 280 0 0 -1 -1 0 0 0 1 0 4206482.dat
1 0 -10 -300 280 0 0 -1 -1 0 0 0 1 0 4121715.dat
1 0 -170 -300 280 0 0 -1 -1 0 0 0 1 0 4121715.dat
1 1 -90 -310 280 0 0 1 1 0 0 0 1 0 6558.dat
0 STEP
1 0 -90 -290 280 0 0 1 0 1 0 -1 0 0 40490.dat
0 STEP
1 0 90 -320 280 0 0 -1 -1 0 0 0 1 0 4121715.dat
1 0 170 -320 280 0 0 -1 -1 0 0 0 1 0 4121715.dat
1 0 10 -320 280 0 0 -1 -1 0 0 0 1 0 4121715.dat
0 STEP
1 7 130 -370 280 0 0 1 1 0 0 0 1 0 64179.dat
1 7 -90 -370 280 0 0 1 -1 0 0 0 -1 0 64178.dat
0 STEP
1 0 -170 -420 280 0 0 -1 -1 0 0 0 1 0 4121715.dat
1 0 -130 -420 280 0 0 -1 -1 0 0 0 1 0 4121715.dat
1 0 -90 -420 280 0 0 -1 -1 0 0 0 1 0 4121715.dat
1 0 -10 -420 280 0 0 -1 -1 0 0 0 1 0 4121715.dat
1 0 90 -420 280 0 0 -1 -1 0 0 0 1 0 4121715.dat
1 0 170 -420 280 0 0 -1 -1 0 0 0 1 0 4121715.dat
0 STEP
1 0 50 -430 280 0 0 -1 0 1 0 1 0 0 32278.dat
1 0 -150 -430 280 0 0 1 0 -1 0 1 0 0 32316.dat
0 STEP
1 0 70 -410 270 0 0 -1 0 -1 0 -1 0 0 4121715.dat
1 0 150 -410 270 0 0 -1 0 -1 0 -1 0 0 4121715.dat
1 0 -70 -410 270 0 0 -1 0 -1 0 -1 0 0 4121715.dat
1 0 -150 -410 270 0 0 -1 0 -1 0 -1 0 0 4121715.dat
0 STEP
1 7 110 -410 220 0 0 1 0 -1 0 1 0 0 64179.dat
1 7 -110 -410 220 0 0 1 0 -1 0 1 0 0 64179.dat
0 STEP
1 0 130 -420 180 0 0 -1 -1 0 0 0 1 0 4121715.dat
1 0 170 -420 180 0 0 -1 -1 0 0 0 1 0 4121715.dat
1 0 90 -420 180 0 0 -1 -1 0 0 0 1 0 4121715.dat
1 0 50 -420 180 0 0 -1 -1 0 0 0 1 0 4121715.dat
1 0 -50 -420 180 0 0 -1 -1 0 0 0 1 0 4121715.dat
1 0 -170 -420 180 0 0 -1 -1 0 0 0 1 0 4121715.dat
0 STEP
1 0 150 -430 180 0 0 1 0 -1 0 1 0 0 32316.dat
1 0 -50 -430 180 0 0 -1 0 1 0 1 0 0 32278.dat
0 STEP
1 16 180 -410 120 1 0 0 0 1 0 0 0 1 front panel.ldr
0 STEP
1 0 180 -410 200 1 0 0 0 1 0 0 0 1 4121715.dat
1 0 180 -410 240 1 0 0 0 1 0 0 0 1 4121715.dat
1 0 -180 -410 200 1 0 0 0 1 0 0 0 1 4121715.dat
1 0 -180 -410 240 1 0 0 0 1 0 0 0 1 4121715.dat
0 STEP
1 0 190 -410 180 0 -1 0 1 0 0 0 0 1 32524.dat
1 0 -190 -410 180 0 -1 0 1 0 0 0 0 1 32524.dat
0 STEP
1 16 200 -30 100 1 0 0 0 1 0 0 0 1 left panel.ldr
0 STEP
1 16 -200 -30 180 1 0 0 0 1 0 0 0 1 right panel.ldr
0 STEP
1 0 50 -440 130 1 0 0 0 1 0 0 0 1 panel top.ldr
0 STEP
1 0 190 -190 -10 0 0 -1 0 1 0 1 0 0 4121715.dat
1 0 110 -190 -10 0 0 -1 0 1 0 1 0 0 4121715.dat
0 STEP
1 7 150 -110 -20 0 0 -1 -1 0 0 0 1 0 64782.dat
0 STEP
1 0 200 -170 -20 1 0 0 0 1 0 0 0 1 4121715.dat
1 0 200 -50 -20 1 0 0 0 1 0 0 0 1 4121715.dat
0 STEP
1 0 210 -110 -20 0 -1 0 0 0 -1 1 0 0 32525.dat
0 STEP
1 7 110 -220 -20 0 0 -1 -1 0 0 0 1 0 3673.dat
0 STEP
1 0 -30 -230 -20 0 0 -1 0 1 0 1 0 0 32278.dat
0 STEP
1 0 -110 -220 -20 0 0 -1 1 0 0 0 -1 0 4121715.dat
1 0 -170 -220 -20 0 0 -1 1 0 0 0 -1 0 4121715.dat
1 0 -190 -220 -20 0 0 -1 1 0 0 0 -1 0 4121715.dat
0 STEP
1 7 -150 -110 -20 0 0 -1 -1 0 0 0 1 0 64782.dat
0 STEP
1 0 -200 -50 -20 -1 0 0 0 1 0 0 0 -1 4121715.dat
1 0 -200 -170 -20 -1 0 0 0 1 0 0 0 -1 4121715.dat
0 STEP
1 0 -210 -110 -20 0 1 0 0 0 -1 -1 0 0 32525.dat
0 STEP
1 0 190 -220 -20 0 0 -1 1 0 0 0 -1 0 4121715.dat
1 0 130 -220 -20 0 0 -1 1 0 0 0 -1 0 4121715.dat
1 0 210 -220 0 0 0 -1 1 0 0 0 -1 0 4121715.dat
1 0 210 -220 20 0 0 -1 1 0 0 0 -1 0 4121715.dat
0 STEP
1 0 -210 -230 40 1 0 0 0 -1 0 0 0 -1 32140.dat
1 0 130 -230 -20 0 0 1 0 -1 0 1 0 0 32526.dat
0 STEP
1 4 -210 -230 20 0 0 -1 1 0 0 0 -1 0 32054.dat
0 STEP
1 47 320 -102 150 0 0 -1 -1 0 0 0 1 0 11145.dat
1 47 320 -102 230 0 0 -1 -1 0 0 0 1 0 11145.dat
1 47 320 -102 190 0 0 -1 -1 0 0 0 1 0 11145.dat
1 47 320 -94 274 0 0 -1 -1 0 0 0 1 0 11146.dat
0 NOFILE
0 FILE motor.ldr
1 15 -30 0 0 -1 0 0 0 0 -1 0 -1 0 95658.dat
0 STEP
1 7 -10 0 0 -1 0 0 0 -1 0 0 0 1 32073.dat
0 STEP
1 0 20 0 0 0 0 -1 0 -1 0 -1 0 0 56145.dat
0 STEP
1 0 20 0 0 0 0 -1 -1 0 0 0 1 0 15413.dat
0 NOFILE
0 FILE front panel.ldr
1 0 -350 80 -60 0 -1 0 -0.600002 0 0.799999 -0.799999 0 -0.600002 32525.dat
0 STEP
1 0 -360 0 0 1 0 0 0 1 0 0 0 1 4121715.dat
1 0 -360 160 -120 1 0 0 0 1 0 0 0 1 4121715.dat
0 STEP
1 7 -370 160 -100 1 0 0 0 0 -1 0 1 0 48989.dat
0 STEP
1 0 -340 143.9999 -108.0001 1 0 0 0 -0.600002 0.799999 0 -0.799999 -0.600002 4121715.dat
1 0 -340 80 -59.9999 1 0 0 0 -0.600002 0.799999 0 -0.799999 -0.600002 4121715.dat
0 STEP
1 7 -230 112 -84.0001 -1 0 0 0 0.600002 0.799999 0 0.799999 -0.600002 64782.dat
0 STEP
1 0 -120 143.9999 -108.0001 1 0 0 0 -0.600002 0.799999 0 -0.799999 -0.600002 4121715.dat
1 0 -120 96 -71.9999 1 0 0 0 -0.600002 0.799999 0 -0.799999 -0.600002 4121715.dat
0 STEP
1 0 -110 143.9999 -108.0001 0 -1 0 0.600002 0 -0.799999 0.799999 0 0.600002 32526.dat
0 STEP
1 1 -90 80 -60 1 0 0 0 -0.600002 0.799999 0 -0.799999 -0.600002 6558.dat
1 0 -100 104.0001 -27.9999 1 0 0 0 -0.600002 0.799999 0 -0.799999 -0.600002 4121715.dat
0 STEP
1 0 -90 92 -44 0 -1 0 0.799999 0 0.600002 -0.600002 0 0.799999 32523.dat
0 STEP
1 15 -70 92 -44 -1 0 0 0 -0.799999 0.600002 0 0.600002 0.799999 95648.dat
0 STEP
1 1 -50 104.0001 -28.0001 1 0 0 0 -0.600002 0.799999 0 -0.799999 -0.600002 6558.dat
0 STEP
1 0 -50 92 -44 0 -1 0 0.799999 0 0.600002 -0.600002 0 0.799999 32523.dat
0 STEP
1 1 -30 80 -60 1 0 0 0 -0.600002 0.799999 0 -0.799999 -0.600002 6558.dat
0 STEP
1 0 -30 143.9999 -108.0001 0 -1 0 0.600002 0 -0.799999 0.799999 0 0.600002 32526.dat
0 STEP
1 7 -70 92 -44 1 0 0 0 -0.600002 0.799999 0 -0.799999 -0.600002 32073.dat
0 STEP
1 0 -20 143.9999 -108.0001 1 0 0 0 -0.600002 0.799999 0 -0.799999 -0.600002 4121715.dat
1 0 -20 96 -71.9999 1 0 0 0 -0.600002 0.799999 0 -0.799999 -0.600002 4121715.dat
0 STEP
1 0 -10 80 -60 0 -1 0 -0.600002 0 0.799999 -0.799999 0 -0.600002 32525.dat
0 STEP
1 0 0 160 -120 1 0 0 0 1 0 0 0 1 4121715.dat
1 0 0 0 0 1 0 0 0 1 0 0 0 1 4121715.dat
0 STEP
1 7 10 160 -100 1 0 0 0 0 -1 0 1 0 48989.dat
0 STEP
1 0 -290 72 -54 0 0 1 0.799999 0.600002 0 -0.600002 0.799999 0 4121715.dat
1 0 -250 72 -54 0 0 1 0.799999 0.600002 0 -0.600002 0.799999 0 4121715.dat
1 0 -170 72 -54 0 0 1 0.799999 0.600002 0 -0.600002 0.799999 0 4121715.dat
1 0 -230 72 -54 0 0 1 0.799999 0.600002 0 -0.600002 0.799999 0 4121715.dat
0 STEP
1 0 -290 64 -48 0 0 1 0.600002 -0.799999 0 0.799999 0.600002 0 32316.dat
0 STEP
1 0 -130 63.9999 -47.9999 0 0 1 0.600002 -0.799999 0 0.799999 0.600002 0 32525.dat
0 STEP
1 4 -70 75.9998 -132 0 -1 0 0.600002 0 -0.799999 0.799999 0 0.600002 32062.dat
0 STEP
1 19 -70 75.9998 -132 0 -1 0 0.799999 0 0.600002 -0.600002 0 0.799999 32198.dat
0 STEP
1 19 -70 69.9998 -140 0 1 0 0.799999 0 -0.600002 -0.600002 0 -0.799999 6589.dat
0 NOFILE
0 FILE left panel.ldr
1 7 10 -80 -60 0 -1 0 -1 0 0 0 0 -1 64782.dat
0 STEP
1 0 10 -20 -10 0 0 -1 0 1 0 1 0 0 4121715.dat
1 0 10 -140 -10 0 0 -1 0 1 0 1 0 0 4121715.dat
0 STEP
1 7 10 -80 40 0 -1 0 -1 0 0 0 0 -1 64782.dat
0 STEP
1 0 10 -20 90 0 0 -1 0 1 0 1 0 0 4121715.dat
1 0 10 -140 90 0 0 -1 0 1 0 1 0 0 4121715.dat
0 STEP
1 7 10 -80 140 0 -1 0 -1 0 0 0 0 -1 64782.dat
0 STEP
1 0 10 -190 0 0 0 -1 -1 0 0 0 1 0 4121715.dat
1 0 10 -190 80 0 0 -1 -1 0 0 0 1 0 4121715.dat
1 0 10 -190 100 0 0 -1 -1 0 0 0 1 0 4121715.dat
1 0 10 -190 180 0 0 -1 -1 0 0 0 1 0 4121715.dat
0 STEP
1 0 0 0 0 1 0 0 0 1 0 0 0 1 4121715.dat
0 STEP
1 16 0 -380 40 1 0 0 0 1 0 0 0 1 left panel 2.ldr
0 NOFILE
0 FILE left panel 2.ldr
1 7 10 80 0 0 -1 0 1 0 0 0 0 1 18945.dat
0 STEP
1 0 10 20 50 0 0 -1 0 -1 0 -1 0 0 4121715.dat
1 0 10 140 50 0 0 -1 0 -1 0 -1 0 0 4121715.dat
0 STEP
1 7 10 80 100 0 -1 0 1 0 0 0 0 1 64782.dat
0 STEP
1 0 0 0 0 1 0 0 0 1 0 0 0 1 4121715.dat
1 0 0 0 40 1 0 0 0 1 0 0 0 1 4121715.dat
0 NOFILE
0 FILE right panel.ldr
1 7 -10 -80 60 0 1 0 1 0 0 0 0 -1 64782.dat
0 STEP
1 0 -10 -20 10 0 1 0 0 0 -1 -1 0 0 4121715.dat
1 0 -10 -140 10 0 1 0 0 0 -1 -1 0 0 4121715.dat
0 STEP
1 7 -10 -80 -20 0 1 0 1 0 0 0 0 -1 15458.dat
0 STEP
1 0 -10 -190 0 0 1 0 1 0 0 0 0 -1 4121715.dat
1 0 -10 -190 -40 0 1 0 1 0 0 0 0 -1 4121715.dat
1 0 -10 -190 20 0 1 0 1 0 0 0 0 -1 4121715.dat
1 0 -10 -190 100 0 1 0 1 0 0 0 0 -1 4121715.dat
0 STEP
1 0 0 0 0 1 0 0 0 1 0 0 0 1 4121715.dat
0 STEP
1 16 0 -380 -40 1 0 0 0 1 0 0 0 1 right panel 2.ldr
0 NOFILE
0 FILE right panel 2.ldr
1 7 -10 80 100 0 1 0 1 0 0 0 0 -1 64782.dat
0 STEP
1 0 -10 140 50 0 1 0 0 0 -1 -1 0 0 4121715.dat
1 0 -10 20 50 0 1 0 0 0 -1 -1 0 0 4121715.dat
0 STEP
1 7 -10 80 0 0 -1 0 1 0 0 0 0 1 18945.dat
0 STEP
1 0 0 0 0 1 0 0 0 1 0 0 0 1 4121715.dat
1 0 0 0 40 1 0 0 0 1 0 0 0 1 4121715.dat
0 NOFILE
0 FILE panel top.ldr
1 7 60 -10 30 -1 0 0 0 1 0 0 0 -1 15458.dat
0 STEP
1 0 -50 -10 50 -1 0 0 0 -1 0 0 0 1 4121715.dat
1 0 -50 -10 10 -1 0 0 0 -1 0 0 0 1 4121715.dat
0 STEP
1 7 -160 -10 30 -1 0 0 0 1 0 0 0 -1 15458.dat
0 STEP
1 0 120 -10 0 0 -1 0 0 0 1 -1 0 0 4121715.dat
1 0 0 -10 0 0 -1 0 0 0 1 -1 0 0 4121715.dat
1 0 -120 -10 0 0 -1 0 0 0 1 -1 0 0 4121715.dat
1 0 -220 -10 0 0 -1 0 0 0 1 -1 0 0 4121715.dat
1 0 -140 -10 0 0 -1 0 0 0 1 -1 0 0 4121715.dat
0 STEP
1 0 20 -10 -10 0 0 -1 1 0 0 0 -1 0 32278.dat
1 0 -200 -10 -10 0 0 -1 -1 0 0 0 1 0 32524.dat
0 STEP
1 0 -220 -10 60 0 1 0 0 0 -1 -1 0 0 4121715.dat
1 0 -100 -10 60 0 -1 0 0 0 1 -1 0 0 4121715.dat
1 0 0 -10 60 0 1 0 0 0 -1 -1 0 0 4121715.dat
1 0 120 -10 60 0 1 0 0 0 -1 -1 0 0 4121715.dat
1 0 120 -10 0 0 -1 0 0 0 1 -1 0 0 4121715.dat
0 STEP
1 0 140 0 50 0 -1 0 1 0 0 0 0 1 4121715.dat
1 0 -240 0 50 0 -1 0 1 0 0 0 0 1 4121715.dat
0 STEP
1 16 -240 0 150 1 0 0 0 1 0 0 0 1 panel top 2.ldr
0 NOFILE
0 FILE panel top 2.ldr
1 7 300 -10 -40 -1 0 0 0 1 0 0 0 -1 64782.dat
0 STEP
1 0 190 -10 -80 -1 0 0 0 0 1 0 1 0 4121715.dat
1 0 190 -10 0 -1 0 0 0 0 1 0 1 0 4121715.dat
0 STEP
1 7 80 -10 -40 1 0 0 0 1 0 0 0 1 64782.dat
0 STEP
1 0 0 0 0 0 -1 0 1 0 0 0 0 1 4121715.dat
1 0 380 0 0 0 -1 0 1 0 0 0 0 1 4121715.dat
0 NOFILE
